1 フシギダネ 45 49 49 45 65 65 318 くさ どく 
2 フシギソウ 60 62 63 60 80 80 405 くさ どく 
3 フシギバナ 80 82 83 80 100 100 525 くさ どく 
4 ヒトカゲ 39 52 43 65 60 50 309 ほのお - 
5 リザード 58 64 58 80 80 65 405 ほのお - 
6 リザードン 78 84 78 100 109 85 534 ほのお ひこう 
7 ゼニガメ 44 48 65 43 50 64 314 みず - 
8 カメール 59 63 80 58 65 80 405 みず - 
9 カメックス 79 83 100 78 85 105 530 みず - 
10 キャタピー 45 30 35 45 20 20 195 むし - 
11 トランセル 50 20 55 30 25 25 205 むし - 
12 バタフリー 60 45 50 70 80 80 385 むし ひこう 
13 ビードル 40 35 30 50 20 20 195 むし どく 
14 コクーン 45 25 50 35 25 25 205 むし どく 
15 スピアー 65 80 40 75 45 80 385 むし どく 
16 ポッポ 40 45 40 56 35 35 251 ノーマル ひこう 
17 ピジョン 63 60 55 71 50 50 349 ノーマル ひこう 
18 ピジョット 83 80 75 91 70 70 469 ノーマル ひこう 
19 コラッタ 30 56 35 72 25 35 253 ノーマル - 
20 ラッタ 55 81 60 97 50 70 413 ノーマル - 
21 オニスズメ 40 60 30 70 31 31 262 ノーマル ひこう 
22 オニドリル 65 90 65 100 61 61 442 ノーマル ひこう 
23 アーボ 35 60 44 55 40 54 288 どく - 
24 アーボック 60 85 69 80 65 79 438 どく - 
25 ピカチュウ 35 55 30 90 50 40 300 でんき - 
26 ライチュウ 60 90 55 100 90 80 475 でんき - 
27 サンド 50 75 85 40 20 30 300 じめん - 
28 サンドパン 75 100 110 65 45 55 450 じめん - 
29 ニドラン♀ 55 47 52 41 40 40 275 どく - 
30 ニドリーナ 70 62 67 56 55 55 365 どく - 
31 ニドクイン 90 82 87 76 75 85 495 どく じめん 
32 ニドラン♂ 46 57 40 50 40 40 273 どく - 
33 ニドリーノ 61 72 57 65 55 55 365 どく - 
34 ニドキング 81 92 77 85 85 75 495 どく じめん 
35 ピッピ 70 45 48 35 60 65 323 ノーマル - 
36 ピクシー 95 70 73 60 85 90 473 ノーマル - 
37 ロコン 38 41 40 65 50 65 299 ほのお - 
38 キュウコン 73 76 75 100 81 100 505 ほのお - 
39 プリン 115 45 20 20 45 25 270 ノーマル - 
40 プクリン 140 70 45 45 75 50 425 ノーマル - 
41 ズバット 40 45 35 55 30 40 245 どく ひこう 
42 ゴルバット 75 80 70 90 65 75 455 どく ひこう 
43 ナゾノクサ 45 50 55 30 75 65 320 くさ どく 
44 クサイハナ 60 65 70 40 85 75 395 くさ どく 
45 ラフレシア 75 80 85 50 100 90 480 くさ どく 
46 パラス 35 70 55 25 45 55 285 むし くさ 
47 パラセクト 60 95 80 30 60 80 405 むし くさ 
48 コンパン 60 55 50 45 40 55 305 むし どく 
49 モルフォン 70 65 60 90 90 75 450 むし どく 
50 ディグダ 10 55 25 95 35 45 265 じめん - 
51 ダグトリオ 35 80 50 120 50 70 405 じめん - 
52 ニャース 40 45 35 90 40 40 290 ノーマル - 
53 ペルシアン 65 70 60 115 65 65 440 ノーマル - 
54 コダック 50 52 48 55 65 50 320 みず - 
55 ゴルダック 80 82 78 85 95 80 500 みず - 
56 マンキー 40 80 35 70 35 45 305 かくとう - 
57 オコリザル 65 105 60 95 60 70 455 かくとう - 
58 ガーディ 55 70 45 60 70 50 350 ほのお - 
59 ウインディ 90 110 80 95 100 80 555 ほのお - 
60 ニョロモ 40 50 40 90 40 40 300 みず - 
61 ニョロゾ 65 65 65 90 50 50 385 みず - 
62 ニョロボン 90 85 95 70 70 90 500 みず かくとう 
63 ケーシィ 25 20 15 90 105 55 310 エスパー - 
64 ユンゲラー 40 35 30 105 120 70 400 エスパー - 
65 フーディン 55 50 45 120 135 85 490 エスパー - 
66 ワンリキー 70 80 50 35 35 35 305 かくとう - 
67 ゴーリキー 80 100 70 45 50 60 405 かくとう - 
68 カイリキー 90 130 80 55 65 85 505 かくとう - 
69 マダツボミ 50 75 35 40 70 30 300 くさ どく 
70 ウツドン 65 90 50 55 85 45 390 くさ どく 
71 ウツボット 80 105 65 70 100 60 480 くさ どく 
72 メノクラゲ 40 40 35 70 50 100 335 みず どく 
73 ドククラゲ 80 70 65 100 80 120 515 みず どく 
74 イシツブテ 40 80 100 20 30 30 300 いわ じめん 
75 ゴローン 55 95 115 35 45 45 390 いわ じめん 
76 ゴローニャ 80 110 130 45 55 65 485 いわ じめん 
77 ポニータ 50 85 55 90 65 65 410 ほのお - 
78 ギャロップ 65 100 70 105 80 80 500 ほのお - 
79 ヤドン 90 65 65 15 40 40 315 みず エスパー 
80 ヤドラン 95 75 110 30 100 80 490 みず エスパー 
81 コイル 25 35 70 45 95 55 325 でんき はがね 
82 レアコイル 50 60 95 70 120 70 465 でんき はがね 
83 カモネギ 52 65 55 60 58 62 352 ノーマル ひこう 
84 ドードー 35 85 45 75 35 35 310 ノーマル ひこう 
85 ドードリオ 60 110 70 100 60 60 460 ノーマル ひこう 
86 パウワウ 65 45 55 45 45 70 325 みず - 
87 ジュゴン 90 70 80 70 70 95 475 みず こおり 
88 ベトベター 80 80 50 25 40 50 325 どく - 
89 ベトベトン 105 105 75 50 65 100 500 どく - 
90 シェルダー 30 65 100 40 45 25 305 みず - 
91 パルシェン 50 95 180 70 85 45 525 みず こおり 
92 ゴース 30 35 30 80 100 35 310 ゴースト どく 
93 ゴースト 45 50 45 95 115 55 405 ゴースト どく 
94 ゲンガー 60 65 60 110 130 75 500 ゴースト どく 
95 イワーク 35 45 160 70 30 45 385 いわ じめん 
96 スリープ 60 48 45 42 43 90 328 エスパー - 
97 スリーパー 85 73 70 67 73 115 483 エスパー - 
98 クラブ 30 105 90 50 25 25 325 みず - 
99 キングラー 55 130 115 75 50 50 475 みず - 
100 ビリリダマ 40 30 50 100 55 55 330 でんき - 
101 マルマイン 60 50 70 140 80 80 480 でんき - 
102 タマタマ 60 40 80 40 60 45 325 くさ エスパー 
103 ナッシー 95 95 85 55 125 65 520 くさ エスパー 
104 カラカラ 50 50 95 35 40 50 320 じめん - 
105 ガラガラ 60 80 110 45 50 80 425 じめん - 
106 サワムラー 50 120 53 87 35 110 455 かくとう - 
107 エビワラー 50 105 79 76 35 110 455 かくとう - 
108 ベロリンガ 90 55 75 30 60 75 385 ノーマル - 
109 ドガース 40 65 95 35 60 45 340 どく - 
110 マタドガス 65 90 120 60 85 70 490 どく - 
111 サイホーン 80 85 95 25 30 30 345 じめん いわ 
112 サイドン 105 130 120 40 45 45 485 じめん いわ 
113 ラッキー 250 5 5 50 35 105 450 ノーマル - 
114 モンジャラ 65 55 115 60 100 40 435 くさ - 
115 ガルーラ 105 95 80 90 40 80 490 ノーマル - 
116 タッツー 30 40 70 60 70 25 295 みず - 
117 シードラ 55 65 95 85 95 45 440 みず - 
118 トサキント 45 67 60 63 35 50 320 みず - 
119 アズマオウ 80 92 65 68 65 80 450 みず - 
120 ヒトデマン 30 45 55 85 70 55 340 みず - 
121 スターミー 60 75 85 115 100 85 520 みず エスパー 
122 バリヤード 40 45 65 90 100 120 460 エスパー - 
123 ストライク 70 110 80 105 55 80 500 むし ひこう 
124 ルージュラ 65 50 35 95 115 95 455 こおり エスパー 
125 エレブー 65 83 57 105 95 85 490 でんき - 
126 ブーバー 65 95 57 93 100 85 495 ほのお - 
127 カイロス 65 125 100 85 55 70 500 むし - 
128 ケンタロス 75 100 95 110 40 70 490 ノーマル - 
129 コイキング 20 10 55 80 15 20 200 みず - 
130 ギャラドス 95 125 79 81 60 100 540 みず ひこう 
131 ラプラス 130 85 80 60 85 95 535 みず こおり 
132 メタモン 48 48 48 48 48 48 288 ノーマル - 
133 イーブイ 55 55 50 55 45 65 325 ノーマル - 
134 シャワーズ 130 65 60 65 110 95 525 みず - 
135 サンダース 65 65 60 130 110 95 525 でんき - 
136 ブースター 65 130 60 65 95 110 525 ほのお - 
137 ポリゴン 65 60 70 40 85 75 395 ノーマル - 
138 オムナイト 35 40 100 35 90 55 355 いわ みず 
139 オムスター 70 60 125 55 115 70 495 いわ みず 
140 カブト 30 80 90 55 55 45 355 いわ みず 
141 カブトプス 60 115 105 80 65 70 495 いわ みず 
142 プテラ 80 105 65 130 60 75 515 いわ ひこう 
143 カビゴン 160 110 65 30 65 110 540 ノーマル - 
144 フリーザー 90 85 100 85 95 125 580 こおり ひこう 
145 サンダー 90 90 85 100 125 90 580 でんき ひこう 
146 ファイヤー 90 100 90 90 125 85 580 ほのお ひこう 
147 ミニリュウ 41 64 45 50 50 50 300 ドラゴン - 
148 ハクリュー 61 84 65 70 70 70 420 ドラゴン - 
149 カイリュー 91 134 95 80 100 100 600 ドラゴン ひこう 
150 ミュウツー 106 110 90 130 154 90 680 エスパー - 
151 ミュウ 100 100 100 100 100 100 600 エスパー - 
152 チコリータ 45 49 65 45 49 65 318 くさ - 
153 ベイリーフ 60 62 80 60 63 80 405 くさ - 
154 メガニウム 80 82 100 80 83 100 525 くさ - 
155 ヒノアラシ 39 52 43 65 60 50 309 ほのお - 
156 マグマラシ 58 64 58 80 80 65 405 ほのお - 
157 バクフーン 78 84 78 100 109 85 534 ほのお - 
158 ワニノコ 50 65 64 43 44 48 314 みず - 
159 アリゲイツ 65 80 80 58 59 63 405 みず - 
160 オーダイル 85 105 100 78 79 83 530 みず - 
161 オタチ 35 46 34 20 35 45 215 ノーマル - 
162 オオタチ 85 76 64 90 45 55 415 ノーマル - 
163 ホーホー 60 30 30 50 36 56 262 ノーマル ひこう 
164 ヨルノズク 100 50 50 70 76 96 442 ノーマル ひこう 
165 レディバ 40 20 30 55 40 80 265 むし ひこう 
166 レディアン 55 35 50 85 55 110 390 むし ひこう 
167 イトマル 40 60 40 30 40 40 250 むし どく 
168 アリアドス 70 90 70 40 60 60 390 むし どく 
169 クロバット 85 90 80 130 70 80 535 どく ひこう 
170 チョンチー 75 38 38 67 56 56 330 みず でんき 
171 ランターン 125 58 58 67 76 76 460 みず でんき 
172 ピチュー 20 40 15 60 35 35 205 でんき - 
173 ピィ 50 25 28 15 45 55 218 ノーマル - 
174 ププリン 90 30 15 15 40 20 210 ノーマル - 
175 トゲピー 35 20 65 20 40 65 245 ノーマル - 
176 トゲチック 55 40 85 40 80 105 405 ノーマル ひこう 
177 ネイティ 40 50 45 70 70 45 320 エスパー ひこう 
178 ネイティオ 65 75 70 95 95 70 470 エスパー ひこう 
179 メリープ 55 40 40 35 65 45 280 でんき - 
180 モココ 70 55 55 45 80 60 365 でんき - 
181 デンリュウ 90 75 75 55 115 90 500 でんき - 
182 キレイハナ 75 80 85 50 90 100 480 くさ - 
183 マリル 70 20 50 40 20 50 250 みず - 
184 マリルリ 100 50 80 50 50 80 410 みず - 
185 ウソッキー 70 100 115 30 30 65 410 いわ - 
186 ニョロトノ 90 75 75 70 90 100 500 みず - 
187 ハネッコ 35 35 40 50 35 55 250 くさ ひこう 
188 ポポッコ 55 45 50 80 45 65 340 くさ ひこう 
189 ワタッコ 75 55 70 110 55 85 450 くさ ひこう 
190 エイパム 55 70 55 85 40 55 360 ノーマル - 
191 ヒマナッツ 30 30 30 30 30 30 180 くさ - 
192 キマワリ 75 75 55 30 105 85 425 くさ - 
193 ヤンヤンマ 65 65 45 95 75 45 390 むし ひこう 
194 ウパー 55 45 45 15 25 25 210 みず じめん 
195 ヌオー 95 85 85 35 65 65 430 みず じめん 
196 エーフィ 65 65 60 110 130 95 525 エスパー - 
197 ブラッキー 95 65 110 65 60 130 525 あく - 
198 ヤミカラス 60 85 42 91 85 42 405 あく ひこう 
199 ヤドキング 95 75 80 30 100 110 490 みず エスパー 
200 ムウマ 60 60 60 85 85 85 435 ゴースト - 
201 アンノーン 48 72 48 48 72 48 336 エスパー - 
202 ソーナンス 190 33 58 33 33 58 405 エスパー - 
203 キリンリキ 70 80 65 85 90 65 455 ノーマル エスパー 
204 クヌギダマ 50 65 90 15 35 35 290 むし - 
205 フォレトス 75 90 140 40 60 60 465 むし はがね 
206 ノコッチ 100 70 70 45 65 65 415 ノーマル - 
207 グライガー 65 75 105 85 35 65 430 じめん ひこう 
208 ハガネール 75 85 200 30 55 65 510 はがね じめん 
209 ブルー 60 80 50 30 40 40 300 ノーマル - 
210 グランブル 90 120 75 45 60 60 450 ノーマル - 
211 ハリーセン 65 95 75 85 55 55 430 みず どく 
212 ハッサム 70 130 100 65 55 80 500 むし はがね 
213 ツボツボ 20 10 230 5 10 230 505 むし いわ 
214 ヘラクロス 80 125 75 85 40 95 500 むし かくとう 
215 ニューラ 55 95 55 115 35 75 430 あく こおり 
216 ヒメグマ 60 80 50 40 50 50 330 ノーマル - 
217 リングマ 90 130 75 55 75 75 500 ノーマル - 
218 マグマッグ 40 40 40 20 70 40 250 ほのお - 
219 マグカルゴ 50 50 120 30 80 80 410 ほのお いわ 
220 ウリムー 50 50 40 50 30 30 250 こおり じめん 
221 イノムー 100 100 80 50 60 60 450 こおり じめん 
222 サニーゴ 55 55 85 35 65 85 380 みず いわ 
223 テッポウオ 35 65 35 65 65 35 300 みず - 
224 オクタン 75 105 75 45 105 75 480 みず - 
225 デリバード 45 55 45 75 65 45 330 こおり ひこう 
226 マンタイン 65 40 70 70 80 140 465 みず ひこう 
227 エアームド 65 80 140 70 40 70 465 はがね ひこう 
228 デルビル 45 60 30 65 80 50 330 あく ほのお 
229 ヘルガー 75 90 50 95 110 80 500 あく ほのお 
230 キングドラ 75 95 95 85 95 95 540 みず ドラゴン 
231 ゴマゾウ 90 60 60 40 40 40 330 じめん - 
232 ドンファン 90 120 120 50 60 60 500 じめん - 
233 ポリゴン2 85 80 90 60 105 95 515 ノーマル - 
234 オドシシ 73 95 62 85 85 65 465 ノーマル - 
235 ドーブル 55 20 35 75 20 45 250 ノーマル - 
236 バルキー 35 35 35 35 35 35 210 かくとう - 
237 カポエラー 50 95 95 70 35 110 455 かくとう - 
238 ムチュール 45 30 15 65 85 65 305 こおり エスパー 
239 エレキッド 45 63 37 95 65 55 360 でんき - 
240 ブビィ 45 75 37 83 70 55 365 ほのお - 
241 ミルタンク 95 80 105 100 40 70 490 ノーマル - 
242 ハピナス 255 10 10 55 75 135 540 ノーマル - 
243 ライコウ 90 85 75 115 115 100 580 でんき - 
244 エンテイ 115 115 85 100 90 75 580 ほのお - 
245 スイクン 100 75 115 85 90 115 580 みず - 
246 ヨーギラス 50 64 50 41 45 50 300 いわ じめん 
247 サナギラス 70 84 70 51 65 70 410 いわ じめん 
248 バンギラス 100 134 110 61 95 100 600 いわ あく 
249 ルギア 106 90 130 110 90 154 680 エスパー ひこう 
250 ホウオウ 106 130 90 90 110 154 680 ほのお ひこう 
251 セレビィ 100 100 100 100 100 100 600 エスパー くさ 
252 キモリ 40 45 35 70 65 55 310 くさ - 
253 ジュプトル 50 65 45 95 85 65 405 くさ - 
254 ジュカイン 70 85 65 120 105 85 530 くさ - 
255 アチャモ 45 60 40 45 70 50 310 ほのお - 
256 ワカシャモ 60 85 60 55 85 60 405 ほのお かくとう 
257 バシャーモ 80 120 70 80 110 70 530 ほのお かくとう 
258 ミズゴロウ 50 70 50 40 50 50 310 みず - 
259 ヌマクロー 70 85 70 50 60 70 405 みず じめん 
260 ラグラージ 100 110 90 60 85 90 535 みず じめん 
261 ポチエナ 35 55 35 35 30 30 220 あく - 
262 グラエナ 70 90 70 70 60 60 420 あく - 
263 ジグザグマ 38 30 41 60 30 41 240 ノーマル - 
264 マッスグマ 78 70 61 100 50 61 420 ノーマル - 
265 ケムッソ 45 45 35 20 20 30 195 むし - 
266 カラサリス 50 35 55 15 25 25 205 むし - 
267 アゲハント 60 70 50 65 90 50 385 むし ひこう 
268 マユルド 50 35 55 15 25 25 205 むし - 
269 ドクケイル 60 50 70 65 50 90 385 むし どく 
270 ハスボー 40 30 30 30 40 50 220 みず くさ 
271 ハスブレロ 60 50 50 50 60 70 340 みず くさ 
272 ルンパッパ 80 70 70 70 90 100 480 みず くさ 
273 タネボー 40 40 50 30 30 30 220 くさ - 
274 コノハナ 70 70 40 60 60 40 340 くさ あく 
275 ダーテング 90 100 60 80 90 60 480 くさ あく 
276 スバメ 40 55 30 85 30 30 270 ノーマル ひこう 
277 オオスバメ 60 85 60 125 50 50 430 ノーマル ひこう 
278 キャモメ 40 30 30 85 55 30 270 みず ひこう 
279 ペリッパー 60 50 100 65 85 70 430 みず ひこう 
280 ラルトス 28 25 25 40 45 35 198 エスパー - 
281 キルリア 38 35 35 50 65 55 278 エスパー - 
282 サーナイト 68 65 65 80 125 115 518 エスパー - 
283 アメタマ 40 30 32 65 50 52 269 むし みず 
284 アメモース 70 60 62 60 80 82 414 むし ひこう 
285 キノココ 60 40 60 35 40 60 295 くさ - 
286 キノガッサ 60 130 80 70 60 60 460 くさ かくとう 
287 ナマケロ 60 60 60 30 35 35 280 ノーマル - 
288 ヤルキモノ 80 80 80 90 55 55 440 ノーマル - 
289 ケッキング 150 160 100 100 95 65 670 ノーマル - 
290 ツチニン 31 45 90 40 30 30 266 むし じめん 
291 テッカニン 61 90 45 160 50 50 456 むし ひこう 
292 ヌケニン 1 90 45 40 30 30 236 むし ゴースト 
293 ゴニョニョ 64 51 23 28 51 23 240 ノーマル - 
294 ドゴーム 84 71 43 48 71 43 360 ノーマル - 
295 バクオング 104 91 63 68 91 63 480 ノーマル - 
296 マクノシタ 72 60 30 25 20 30 237 かくとう - 
297 ハリテヤマ 144 120 60 50 40 60 474 かくとう - 
298 ルリリ 50 20 40 20 20 40 190 ノーマル - 
299 ノズパス 30 45 135 30 45 90 375 いわ - 
300 エネコ 50 45 45 50 35 35 260 ノーマル - 
301 エネコロロ 70 65 65 70 55 55 380 ノーマル - 
302 ヤミラミ 50 75 75 50 65 65 380 あく ゴースト 
303 クチート 50 85 85 50 55 55 380 はがね - 
304 ココドラ 50 70 100 30 40 40 330 はがね いわ 
305 コドラ 60 90 140 40 50 50 430 はがね いわ 
306 ボスゴドラ 70 110 180 50 60 60 530 はがね いわ 
307 アサナン 30 40 55 60 40 55 280 かくとう エスパー 
308 チャーレム 60 60 75 80 60 75 410 かくとう エスパー 
309 ラクライ 40 45 40 65 65 40 295 でんき - 
310 ライボルト 70 75 60 105 105 60 475 でんき - 
311 プラスル 60 50 40 95 85 75 405 でんき - 
312 マイナン 60 40 50 95 75 85 405 でんき - 
313 バルビート 65 73 55 85 47 75 400 むし - 
314 イルミーゼ 65 47 55 85 73 75 400 むし - 
315 ロゼリア 50 60 45 65 100 80 400 くさ どく 
316 ゴクリン 70 43 53 40 43 53 302 どく - 
317 マルノーム 100 73 83 55 73 83 467 どく - 
318 キバニア 45 90 20 65 65 20 305 みず あく 
319 サメハダー 70 120 40 95 95 40 460 みず あく 
320 ホエルコ 130 70 35 60 70 35 400 みず - 
321 ホエルオー 170 90 45 60 90 45 500 みず - 
322 ドンメル 60 60 40 35 65 45 305 ほのお じめん 
323 バクーダ 70 100 70 40 105 75 460 ほのお じめん 
324 コータス 70 85 140 20 85 70 470 ほのお - 
325 バネブー 60 25 35 60 70 80 330 エスパー - 
326 ブーピッグ 80 45 65 80 90 110 470 エスパー - 
327 パッチール 60 60 60 60 60 60 360 ノーマル - 
328 ナックラー 45 100 45 10 45 45 290 じめん - 
329 ビブラーバ 50 70 50 70 50 50 340 じめん ドラゴン 
330 フライゴン 80 100 80 100 80 80 520 じめん ドラゴン 
331 サボネア 50 85 40 35 85 40 335 くさ - 
332 ノクタス 70 115 60 55 115 60 475 くさ あく 
333 チルット 45 40 60 50 40 75 310 ノーマル ひこう 
334 チルタリス 75 70 90 80 70 105 490 ドラゴン ひこう 
335 ザングース 73 115 60 90 60 60 458 ノーマル - 
336 ハブネーク 73 100 60 65 100 60 458 どく - 
337 ルナトーン 70 55 65 70 95 85 440 いわ エスパー 
338 ソルロック 70 95 85 70 55 65 440 いわ エスパー 
339 ドジョッチ 50 48 43 60 46 41 288 みず じめん 
340 ナマズン 110 78 73 60 76 71 468 みず じめん 
341 ヘイガニ 43 80 65 35 50 35 308 みず - 
342 シザリガー 63 120 85 55 90 55 468 みず あく 
343 ヤジロン 40 40 55 55 40 70 300 じめん エスパー 
344 ネンドール 60 70 105 75 70 120 500 じめん エスパー 
345 リリーラ 66 41 77 23 61 87 355 いわ くさ 
346 ユレイドル 86 81 97 43 81 107 495 いわ くさ 
347 アノプス 45 95 50 75 40 50 355 いわ むし 
348 アーマルド 75 125 100 45 70 80 495 いわ むし 
349 ヒンバス 20 15 20 80 10 55 200 みず - 
350 ミロカロス 95 60 79 81 100 125 540 みず - 
351 ポワルン 70 70 70 70 70 70 420 ノーマル - 
352 カクレオン 60 90 70 40 60 120 440 ノーマル - 
353 カゲボウズ 44 75 35 45 63 33 295 ゴースト - 
354 ジュペッタ 64 115 65 65 83 63 455 ゴースト - 
355 ヨマワル 20 40 90 25 30 90 295 ゴースト - 
356 サマヨール 40 70 130 25 60 130 455 ゴースト - 
357 トロピウス 99 68 83 51 72 87 460 くさ ひこう 
358 チリーン 65 50 70 65 95 80 425 エスパー - 
359 アブソル 65 130 60 75 75 60 465 あく - 
360 ソーナノ 95 23 48 23 23 48 260 エスパー - 
361 ユキワラシ 50 50 50 50 50 50 300 こおり - 
362 オニゴーリ 80 80 80 80 80 80 480 こおり - 
363 タマザラシ 70 40 50 25 55 50 290 こおり みず 
364 トドグラー 90 60 70 45 75 70 410 こおり みず 
365 トドゼルガ 110 80 90 65 95 90 530 こおり みず 
366 パールル 35 64 85 32 74 55 345 みず - 
367 ハンテール 55 104 105 52 94 75 485 みず - 
368 サクラビス 55 84 105 52 114 75 485 みず - 
369 ジーランス 100 90 130 55 45 65 485 みず いわ 
370 ラブカス 43 30 55 97 40 65 330 みず - 
371 タツベイ 45 75 60 50 40 30 300 ドラゴン - 
372 コモルー 65 95 100 50 60 50 420 ドラゴン - 
373 ボーマンダ 95 135 80 100 110 80 600 ドラゴン ひこう 
374 ダンバル 40 55 80 30 35 60 300 はがね エスパー 
375 メタング 60 75 100 50 55 80 420 はがね エスパー 
376 メタグロス 80 135 130 70 95 90 600 はがね エスパー 
377 レジロック 80 100 200 50 50 100 580 いわ - 
378 レジアイス 80 50 100 50 100 200 580 こおり - 
379 レジスチル 80 75 150 50 75 150 580 はがね - 
380 ラティアス 80 80 90 110 110 130 600 ドラゴン エスパー 
381 ラティオス 80 90 80 110 130 110 600 ドラゴン エスパー 
382 カイオーガ 100 100 90 90 150 140 670 みず - 
383 グラードン 100 150 140 90 100 90 670 じめん - 
384 レックウザ 105 150 90 95 150 90 680 ドラゴン ひこう 
385 ジラーチ 100 100 100 100 100 100 600 はがね エスパー 
386 デオキシス 50 150 50 150 150 50 600 エスパー - 
387 ナエトル 55 68 64 31 45 55 318 くさ - 
388 ハヤシガメ 75 89 85 36 55 65 405 くさ - 
389 ドダイトス 95 109 105 56 75 85 525 くさ じめん 
390 ヒコザル 44 58 44 61 58 44 309 ほのお - 
391 モウカザル 64 78 52 81 78 52 405 ほのお かくとう 
392 ゴウカザル 76 104 71 108 104 71 534 ほのお かくとう 
393 ポッチャマ 53 51 53 40 61 56 314 みず - 
394 ポッタイシ 64 66 68 50 81 76 405 みず - 
395 エンペルト 84 86 88 60 111 101 530 みず はがね 
396 ムックル 40 55 30 60 30 30 245 ノーマル ひこう 
397 ムクバード 55 75 50 80 40 40 340 ノーマル ひこう 
398 ムクホーク 85 120 70 100 50 50 475 ノーマル ひこう 
399 ビッパ 59 45 40 31 35 40 250 ノーマル - 
400 ビーダル 79 85 60 71 55 60 410 ノーマル みず 
401 コロボーシ 37 25 41 25 25 41 194 むし - 
402 コロトック 77 85 51 65 55 51 384 むし - 
403 コリンク 45 65 34 45 40 34 263 でんき - 
404 ルクシオ 60 85 49 60 60 49 363 でんき - 
405 レントラー 80 120 79 70 95 79 523 でんき - 
406 スボミー 40 30 35 55 50 70 280 くさ どく 
407 ロズレイド 60 70 55 90 125 105 505 くさ どく 
408 ズガイドス 67 125 40 58 30 30 350 いわ - 
409 ラムパルド 97 165 60 58 65 50 495 いわ - 
410 タテトプス 30 42 118 30 42 88 350 いわ はがね 
411 トリデプス 60 52 168 30 47 138 495 いわ はがね 
412 ミノムッチ 40 29 45 36 29 45 224 むし - 
413 ミノマダム 60 59 85 36 79 105 424 むし くさ 
414 ガーメイル 70 94 50 66 94 50 424 むし ひこう 
415 ミツハニー 30 30 42 70 30 42 244 むし ひこう 
416 ビークイン 70 80 102 40 80 102 474 むし ひこう 
417 パチリス 60 45 70 95 45 90 405 でんき - 
418 ブイゼル 55 65 35 85 60 30 330 みず - 
419 フローゼル 85 105 55 115 85 50 495 みず - 
420 チェリンボ 45 35 45 35 62 53 275 くさ - 
421 チェリム 70 60 70 85 87 78 450 くさ - 
422 カラナクシ 76 48 48 34 57 62 325 みず - 
423 トリトドン 111 83 68 39 92 82 475 みず じめん 
424 エテボース 75 100 66 115 60 66 482 ノーマル - 
425 フワンテ 90 50 34 70 60 44 348 ゴースト ひこう 
426 フワライド 150 80 44 80 90 54 498 ゴースト ひこう 
427 ミミロル 55 66 44 85 44 56 350 ノーマル - 
428 ミミロップ 65 76 84 105 54 96 480 ノーマル - 
429 ムウマージ 60 60 60 105 105 105 495 ゴースト - 
430 ドンカラス 100 125 52 71 105 52 505 あく ひこう 
431 ニャルマー 49 55 42 85 42 37 310 ノーマル - 
432 ブニャット 71 82 64 112 64 59 452 ノーマル - 
433 リーシャン 45 30 50 45 65 50 285 エスパー - 
434 スカンプー 63 63 47 74 41 41 329 どく あく 
435 スカタンク 103 93 67 84 71 61 479 どく あく 
436 ドーミラー 57 24 86 23 24 86 300 はがね エスパー 
437 ドータクン 67 89 116 33 79 116 500 はがね エスパー 
438 ウソハチ 50 80 95 10 10 45 290 いわ - 
439 マネネ 20 25 45 60 70 90 310 エスパー - 
440 ピンプク 100 5 5 30 15 65 220 ノーマル - 
441 ペラップ 76 65 45 91 92 42 411 ノーマル ひこう 
442 ミカルゲ 50 92 108 35 92 108 485 ゴースト あく 
443 フカマル 58 70 45 42 40 45 300 ドラゴン じめん 
444 ガバイト 68 90 65 82 50 55 410 ドラゴン じめん 
445 ガブリアス 108 130 95 102 80 85 600 ドラゴン じめん 
446 ゴンベ 135 85 40 5 40 85 390 ノーマル - 
447 リオル 40 70 40 60 35 40 285 かくとう - 
448 ルカリオ 70 110 70 90 115 70 525 かくとう はがね 
449 ヒポポタス 68 72 78 32 38 42 330 じめん - 
450 カバルドン 108 112 118 47 68 72 525 じめん - 
451 スコルピ 40 50 90 65 30 55 330 どく むし 
452 ドラピオン 70 90 110 95 60 75 500 どく あく 
453 グレッグル 48 61 40 50 61 40 300 どく かくとう 
454 ドクロッグ 83 106 65 85 86 65 490 どく かくとう 
455 マスキッパ 74 100 72 46 90 72 454 くさ - 
456 ケイコウオ 49 49 56 66 49 61 330 みず - 
457 ネオラント 69 69 76 91 69 86 460 みず - 
458 タマンタ 45 20 50 50 60 120 345 みず ひこう 
459 ユキカブリ 60 62 50 40 62 60 334 くさ こおり 
460 ユキノオー 90 92 75 60 92 85 494 くさ こおり 
461 マニューラ 70 120 65 125 45 85 510 あく こおり 
462 ジバコイル 70 70 115 60 130 90 535 でんき はがね 
463 ベロベルト 110 85 95 50 80 95 515 ノーマル - 
464 ドサイドン 115 140 130 40 55 55 535 じめん いわ 
465 モジャンボ 100 100 125 50 110 50 535 くさ - 
466 エレキブル 75 123 67 95 95 85 540 でんき - 
467 ブーバーン 75 95 67 83 125 95 540 ほのお - 
468 トゲキッス 85 50 95 80 120 115 545 ノーマル ひこう 
469 メガヤンマ 86 76 86 95 116 56 515 むし ひこう 
470 リーフィア 65 110 130 95 60 65 525 くさ - 
471 グレイシア 65 60 110 65 130 95 525 こおり - 
472 グライオン 75 95 125 95 45 75 510 じめん ひこう 
473 マンムー 110 130 80 80 70 60 530 こおり じめん 
474 ポリゴンＺ 85 80 70 90 135 75 535 ノーマル - 
475 エルレイド 68 125 65 80 65 115 518 エスパー かくとう 
476 ダイノーズ 60 55 145 40 75 150 525 いわ はがね 
477 ヨノワール 45 100 135 45 65 135 525 ゴースト - 
478 ユキメノコ 70 80 70 110 80 70 480 こおり ゴースト 
479 ロトム 50 50 77 91 95 77 440 でんき ゴースト 
480 ユクシー 75 75 130 95 75 130 580 エスパー - 
481 エムリット 80 105 105 80 105 105 580 エスパー - 
482 アグノム 75 125 70 115 125 70 580 エスパー - 
483 ディアルガ 100 120 120 90 150 100 680 はがね ドラゴン 
484 パルキア 90 120 100 100 150 120 680 みず ドラゴン 
485 ヒードラン 91 90 106 77 130 106 600 ほのお はがね 
486 レジギガス 110 160 110 100 80 110 670 ノーマル - 
487 ギラティナ 150 100 120 90 100 120 680 ゴースト ドラゴン 
488 クレセリア 120 70 120 85 75 130 600 エスパー - 
489 フィオネ 80 80 80 80 80 80 480 みず - 
490 マナフィ 100 100 100 100 100 100 600 みず - 
491 ダークライ 70 90 90 125 135 90 600 あく - 
492 シェイミ 100 100 100 100 100 100 600 くさ - 
493 アルセウス 120 120 120 120 120 120 720 ノーマル - 
